0000000000000000000000000000000000000000000000000000000000000000
0000000000000000000000000000000000000000000000000000000000000000
0000000000000000000000000000000000000000000000000000000000000000
0000000000000000000000000000000000000000000000000000000000000000
0000000000000000000000000000000000000000000000000000000000000000
0000000000000000000000000000000000000000000000000000000000000000
0000000000000000000000000000000000000000000000000000000000000000
0000000000000000000000000000000000000000000000000000000000000000
0000000000000000000000000000000000000000000000000000000000000000
0000000000000000000000000000000000000000000000000000000000000000
0000000000000000000000000000000000000000000000000000000000000000
0000000000000000000000000000000000000000000000000000000000000000
0000000000000000000000000000000000000000000000000000000000000000
0000000000000000000000000000000000000000000000000000000000000000
0000000000000000000000000000000000000000000000000000000000000000
0000000000000000000000000000000000000000000000000000000000000000
0000000000000000000000000000000000000000000000000000000000000000
0000000000000000000000000000000000000000000000000000000000000000
0000000000000000000000000000000000000000000000000000000000000000
C3D7DC4E68C20F7EF4933179E1BF72A03B15C04D8C63B202500234821E432229
E8F51C43A26AC8F092779ECA9C34C043DAFDC27813127C5DD6B860EF2FEDDFC4
0D8767B5A7A7D194180BE79BCF8BF81BC6DB00AB8D25DF318BAA779DCA6B16C0
4573F770F072AA0FE42226C31E4A5132F5C317011BD0BE3238A0EB69E1978F00
066BB184C36A33C00B74ECDC476F4FE50EA56BD19C7FC26D39A5843AF78762BF
0000000000000000000000000000000000000000000000000000000000000000
